1 8 9
2 10 20
3 4 11 12
4 3 13
5 15 16
6 7 29
7 6 17
8 1 18 19
9 1 19 20
10 2 11 21 34
11 3 10 22
12 3 23
13 4 23 24
14 15 25
15 5 14 16 26 28
16 5 15 28 29
17 7 29 30
18 8 31 43
19 8 9 32
20 2 9 33
21 10 33
22 11 23 34 35
23 12 13 22 37
24 13 37 38
25 14 38 39
26 15 27 39
27 26 28 40
28 15 16 27 41
29 6 16 17 41 42
30 17 42
31 18 43 44
32 19 33 44 45
33 20 21 32 46
34 10 22 47 48
35 22 36 48 65
36 35 37 49
37 23 24 36 50
38 24 25 50 51
39 25 26 51 52
40 27 41 52 53
41 28 29 40 54
42 29 30 56 72
43 18 31 57
44 31 32 58
45 32 46 58 59 60
46 33 45 47 61
47 34 46 62
48 34 35 62 63
49 36 50 66
50 37 38 49
51 68 38 39 52 67
52 39 40 51 69
53 40 54 69
54 41 53 55 70
55 54 71
56 42 91
57 43 58 73
58 44 45 57 59 74 75
59 45 58 75 76
60 45 61 76
61 46 60 62 76 78
62 47 48 61 79
63 48 64 79 80
64 63 65 81
65 35 64 66 82
66 49 65 67 82
67 51 66 68 84
68 51 67 69 85
69 52 53 68 86
70 54 71 87
71 55 70 72 89
72 42 71 90 91
73 57 74 92
74 58 73 75 92
75 58 59 74 94
76 59 61 77 60
77 76 78 95 96
78 61 77 79 97
79 62 63 78 98
80 63 99 100
81 64 82 100
82 65 66 81 101
83 101 102
84 67 85
85 68 84 103
86 69 103 104
87 70 88
88 87 89 117
89 71 88 105
90 72 91 105
91 56 72 90 105 107
92 73 74 93
93 92 94
94 75 93 95
95 77 94 122
96 77 97 109
97 78 96 98 109
98 79 97 99 110
99 80 98 110 112
100 80 81 101 112 113
101 83 82 100 114
102 83 103 115
103 85 86 102
104 86 116
105 89 90 91 106 108
106 105 107
107 106 91 119
108 105 119 117
109 110 97 96 124
110 109 99 98 111
111 110 112 124
112 111 99 100 125
113 125 100 114
114 113 101 131 132 126 115
115 114 102 126 127
116 104 127 118 117
117 116 88 108 129
118 116 129 142 134
119 107 108 136
120 121 144
121 120 122 145
122 95 123 121 146
123 124 122 137 148 149
124 123 109 111 130 138
125 112 131 113
126 114 115 140 127
127 115 126 133 116 134
128 142 143 160 188 172
129 117 118 135 143 142
130 131 139 124
131 130 114 125
132 114 140
133 140 127 141
134 127 141 118 142
135 129 136 161 143
136 119 162 135
137 147 123
138 124 150 152
139 130 153 140 154
140 132 139 154 156 133 126
141 133 134 158 142
142 118 134 141 158 128 143 129
143 129 128 160 135 142
144 120 145 177
145 144 121 146
146 145 147 163 122
147 146 137 164
148 149 164 123
149 148 123 150 165
150 151 149 138
151 150 165 152 166
152 153 151 138
153 152 139 166 154 167
154 139 155 140 153
155 154 156 167 168
156 155 157 140 169
157 156 170 158
158 157 141 142 159
159 158 172 170 186 198
160 128 143 173 161
161 160 174 135
162 136 175
163 146 177
164 147 178 148 179
165 179 149 151 180
166 151 153 181 183
167 183 155 168 153
168 167 155 184
169 156 184
170 157 185 159
171 199 173 175
172 128 159 187
173 188 174 160 171
174 173 175 161
175 174 171 162
176 177 189
177 176 144 163
178 189 191 164
179 191 164 165
180 165 181 193
181 180 166 193 182
182 181 195 183
183 182 196 167 166
184 185 168 169 196 197
185 184 170 186
186 198 185 159
187 198 172 188
188 187 128 173 199
189 176 178 190
190 189 192 191
191 190 178 179 192
192 190 191 194
193 181 180 194
194 193 192 195
195 194 182 197
196 197 183 184
197 196 195 184
198 186 187 199 159
199 198 188 171