1 46 58
3 22 23
7 42
13 14 23 52
14 13 15
15 14 29 41
22 3 23 34 65
23 3 13 22 67
29 15 41 42 55
34 22 46 63
41 15 29 52 87
42 7 29 72
46 1 34 58 78
52 13 41 67 86
55 29 89
58 1 46 74 77
63 34 65 79 100
65 22 63 67 82
67 23 52 65 82 102
72 42 105 107
74 58 94
77 58 78 94 124
78 46 77 79
79 63 78
82 65 67 100 140
86 52 87 102 116
87 41 86 105
89 55 105
93 94
94 74 77 93
100 63 82 111
102 67 86 127
105 108 87 89 72 107
107 72 105 161
108 105 116 135
111 124 100
116 127 86 108 142
122 144 123
123 122 124 144 165
124 77 123 111 153
127 133 102 116
128 135 142 161 187 199
133 157 140 127
135 128 108 161
140 154 133 156 82
142 157 128 116
144 122 123 163
153 180 154 184 124
154 153 156 140
156 157 154 140 184
157 156 142 133 185
161 128 135 199 107
163 144 176 191
165 180 123 191
176 190 163
180 165 190 153 184
184 180 185 153 156
185 184 157 187
187 128 185
190 176 191 180
191 190 163 165
199 128 161