1 192 43
2 489 21
3 676 28
4 790 14
5 1255 28
6 1396 31
7 1543 37
8 135 109
9 250 116
10 585 109
11 671 125
12 743 108
13 877 103
14 1010 78
15 1148 64
16 1282 112
17 1533 154
18 64 165
19 175 179
20 315 146
21 454 205
22 676 228
23 785 164
24 956 172
25 1031 192
26 1141 107
27 1161 174
28 1212 150
29 1399 190
30 1581 179
31 111 217
32 265 253
33 391 237
34 592 256
35 712 290
36 759 295
37 837 224
38 994 236
39 1067 221
40 1188 268
41 1239 248
42 1535 252
43 37 276
44 199 307
45 310 331
46 407 299
47 488 282
48 619 340
49 799 340
50 876 287
51 1030 300
52 1108 279
53 1203 331
54 1262 314
55 1402 311
56 1585 326
57 89 338
58 241 358
59 275 396
60 337 387
61 437 402
62 493 381
63 628 453
64 707 438
65 792 417
66 846 405
67 936 391
68 1046 366
69 1148 359
70 1271 382
71 1384 378
72 1500 388
73 87 405
74 141 468
75 219 446
76 315 439
77 383 489
78 461 481
79 518 468
80 655 497
81 764 515
82 804 486
83 914 472
84 986 435
85 1053 413
86 1165 455
87 1281 484
88 1332 496
89 1374 457
90 1458 457
91 1569 457
92 44 522
93 52 571
94 149 548
95 195 541
96 433 575
97 482 555
98 550 533
99 615 543
100 725 575
101 841 533
102 979 473
103 1070 461
104 1167 508
105 1419 530
106 1522 549
107 1592 549
108 1392 643
109 510 655
110 585 580
111 635 640
112 662 616
113 772 616
114 851 592
115 976 555
116 1165 623
117 1293 671
118 1168 701
119 1557 725
120 42 775
121 98 777
122 177 770
123 376 766
124 492 741
125 696 669
126 911 638
127 1056 672
128 1243 894
129 1282 713
130 668 749
131 725 708
132 851 702
133 996 768
134 1095 731
135 1332 755
136 1523 828
137 306 836
138 528 788
139 656 796
140 849 780
141 1032 791
142 1163 815
143 1285 802
144 55 912
145 114 905
146 192 905
147 252 888
148 332 876
149 399 866
150 477 842
151 516 879
152 568 839
153 600 887
154 733 853
155 780 911
156 872 912
157 947 916
158 1077 868
159 1083 1041
160 1340 914
161 1443 901
162 1592 900
163 183 947
164 264 947
165 418 973
166 575 934
167 701 959
168 743 992
169 874 974
170 940 985
171 1414 1162
172 1202 976
173 1366 1028
174 1504 990
175 1585 1043
176 33 1026
177 99 1009
178 215 998
179 357 1016
180 446 1031
181 535 1012
182 579 1025
183 666 984
184 809 1042
185 911 1109
186 1013 1088
187 1162 1053
188 1306 1058
189 101 1122
190 178 1162
191 266 1088
192 289 1184
193 507 1093
194 536 1129
195 601 1126
196 700 1070
197 713 1134
198 1076 1191
199 1319 1186